9512846
9512847
9512848
9512849
9512850
9512851
9512852
9512853
9512854
9512855
9512856
9512857
9512858
9512859
9512860
9512861
9512862
9512863
9512864
9512865
9512866
9512868
9512869
9512870
9512871
9512872
9519756
9519757
9537797
9537798
9537799
9537800
9537801
9537802
9537803
9537804
9537805
9537806
9537807
9537808
9537809
9537810
9537811
9537812
9537813
9537814
9537815
9537816
9537817
9537818
9537819
9537820
9537821
9537822
9537890
9537891
9537892
9537893
9537894
9537895
9537896
9537897
9537898
9537899
9537900
9537901
9537902
9537903
9537904
9537905
9537906
9537907
9537908
9537909
9537910
9537911
9537912
9537913
9537914
9537915
9537999
9538000
9538001
9538002
9538003
9538004
9538005
9538006
9538007
9538008
9538009
9538010
9538011
9538012
9538013
9538014
9538015
9538016
9538017
9538018
9538019
9538020
9538021
9538022
9538023
9538024
9538238
9538239
9538240
9538241
9538242
9538243
9538244
9538245
9538246
9538247
9538248
9538249
9538250
9538251
9538252
9538253
9538254
9538255
9538256
9538257
9538258
9538259
9538260
9538261
9538262
9538263
9538576
9538577
9538578
9538579
9538580
9538581
9538582
9538583
9538584
9538585
9538586
9538587
9538588
9538589
9538590
9538591
9538592
9538593
9538594
9538595
9538596
9538597
9538598
9538599
9538600
9538601
